111111111111111111111111111111
100100000001000000010000010001
100100000001000000010000010001
100111110011110011111110011001
101100000000000000000000001001
100000000000000000000100001001
100000000001100100011111111001
100100000001100101000000001001
111100100000000101000000000001
100100111110000111001000000001
100000100010000101001000001001
100000000010000101001111111001
100100100010000101000000000001
100100111110000000000000000001
100100000000000000000000000001
100110000000111110000111100001
100011001000100010000100100001
100010001000000010000100000001
100011111000000010000111100001
101110000000111110000000000001
100011000000000000000000000001
100010001000000000000000000001
100010001001100111111001001001
100011111001100100100001001001
100010000000000100100001001001
101010000000000100100001011101
101011111101111100100001001001
111110000000010000000001001001
100000000000010000000001001001
111111111111111111111111111111
